4294967278,286
4294967278,285
4294967278,284
2,4
2,3
2,2
2,1
2,0
4294967278,283
4294967278,282
4294967278,281
4294967293,131
4294967293,130
4294967293,129
4294967293,128
4294967293,127
4294967293,126
4294967293,125
4294967293,124
4294967293,123
4294967293,122
4294967293,121
4294967293,120
4294967293,119
4294967293,118
4294967293,117
4294967293,116
4294967293,115
4294967293,114
4294967293,113
4294967293,112
4294967293,111
4294967293,110
4294967293,109
4294967293,108
4294967293,107
4294967293,106
4294967293,105
4294967293,104
4294967293,103
4294967293,102
4294967293,101
4294967293,100
4294967293,99
4294967293,98
4294967293,97
4294967293,96
4294967293,95
4294967293,94
4294967293,93
4294967293,92
4294967293,91
4294967293,90
4294967293,89
4294967293,88
4294967293,87
4294967293,86
4294967293,85
4294967293,84
4294967293,83
4294967293,82
4294967293,81
4294967293,80
4294967293,79
4294967293,78
4294967293,77
4294967293,76
4294967293,75
4294967293,74
4294967293,73
4294967293,72
4294967293,71
4294967293,70
4294967293,69
4294967293,68
4294967293,67
4294967293,66
4294967293,65
4294967293,64
4294967293,63
4294967293,62
4294967293,61
4294967293,60
4294967293,59
4294967293,58
4294967293,57
4294967293,56
4294967293,55
4294967293,54
4294967293,53
4294967293,52
4294967293,51
4294967293,50
4294967293,49
4294967293,48
4294967293,47
4294967293,46
4294967293,45
4294967293,44
4294967293,43
4294967293,42
4294967293,41
4294967293,40
4294967293,39
4294967293,38
4294967293,37
4294967293,36
4294967293,35
4294967293,34
4294967293,33
4294967293,32
4294967293,31
4294967293,30
4294967293,29
4294967293,28
4294967293,27
4294967293,26
4294967293,25
4294967293,24
4294967293,23
4294967293,22
4294967293,21
4294967293,20
4294967293,19
4294967293,18
4294967293,17
4294967293,16
4294967293,15
4294967293,14
4294967293,13
4294967293,12
4294967293,11
4294967293,10
4294967293,9
4294967293,8
4294967293,7
4294967293,6
4294967293,5
4294967293,4
4294967293,3
4294967293,2
4294501266,0
4294501265,0
4294501264,0
4294501263,0
4294501262,0
4294501261,0
4294501260,0
4294501259,0
4294501258,0
4294501257,0
4294967293,0
4294967279,353
4294967279,352
4294967279,479
4294967279,478
4294967279,477
4294967279,476
4294967279,475
4294967279,474
4294967279,473
4294967279,472
4294967279,471
4294967279,470
4294967279,469
4294967279,468
4294967279,467
4294967279,466
4294967279,465
4294967279,464
4294967279,463
4294967279,462
4294967279,461
4294967279,460
4294967279,459
4294967279,458
4294967279,457
4294967279,456
4294967279,455
4294967279,454
4294967279,453
4294967279,452
4294967279,451
4294967279,450
4294967279,449
4294967279,448
4294967279,491
4294967279,490
4294967279,489
4294967279,488
4294967279,487
4294967279,486
4294967279,485
4294967279,484
4294967279,483
4294967279,482
4294967279,481
4294967279,480
4294967279,287
4294967279,286
4294967279,285
4294967279,284
4294967279,283
4294967279,282
4294967279,281
4294967279,280
4294967279,279
4294967279,278
4294967279,277
4294967279,276
4294967279,275
4294967279,274
4294967279,273
4294967279,272
4294967279,270
4294967279,268
4294967279,267
4294967279,265
4294967279,264
4294967279,262
4294967279,261
4294967279,260
4294967279,257
4294967279,256
4294967294,313
4294967294,312
4294967294,311
4294967294,310
4294967294,309
4294967294,308
4294967294,307
4294967294,306
4294967294,305
4294967294,304
4294967294,303
4294967294,302
4294967294,301
4294967294,300
4294967294,299
4294967294,298
4294967294,297
4294967294,296
4294967294,295
4294967294,294
4294967294,293
4294967294,292
4294967294,291
4294967294,290
4294967294,289
4294967294,288
4294967294,1093
4294967294,1092
4294967294,1091
4294967294,223
4294967294,222
4294967294,221
4294967294,220
4294967294,219
4294967294,218
4294967294,217
4294967294,216
4294967294,215
4294967294,214
4294967294,213
4294967294,212
4294967294,211
4294967294,210
4294967294,209
4294967294,208
4294967294,207
4294967294,206
4294967294,205
4294967294,204
4294967294,203
4294967294,202
4294967294,201
4294967294,200
4294967294,199
4294967294,198
4294967294,197
4294967294,196
4294967294,195
4294967294,194
4294967294,193
4294967294,192
4294967294,520
4294967294,519
4294967294,513
4294967294,512
4294967294,1054
4294967294,1053
4294967294,1052
4294967294,1051
4294967294,1047
4294967294,1071
4294967294,1070
4294967294,1066
4294967294,1059
4294967294,1058
4294967294,1056
4294967294,184
4294967294,183
4294967294,255
4294967294,254
4294967294,253
4294967294,252
4294967294,251
4294967294,250
4294967294,249
4294967294,248
4294967294,247
4294967294,246
4294967294,245
4294967294,244
4294967294,243
4294967294,242
4294967294,241
4294967294,240
4294967294,239
4294967294,238
4294967294,237
4294967294,236
4294967294,235
4294967294,234
4294967294,233
4294967294,232
4294967294,231
4294967294,230
4294967294,229
4294967294,228
4294967294,227
4294967294,226
4294967294,225
4294967294,224
4294967294,466
4294967294,465
4294967294,464
4294967294,463
4294967294,462
4294967294,458
4294967294,457
4294967294,456
4294967294,454
4294967294,452
4294967294,1343
4294967294,1342
4294967294,1341
4294967294,1340
4294967294,1339
4294967294,1338
4294967294,1337
4294967294,1336
4294967294,1335
4294967294,1334
4294967294,1333
4294967294,1332
4294967294,1331
4294967294,1330
4294967294,1329
4294967294,1328
4294967294,1327
4294967294,1326
4294967294,1325
4294967294,1324
4294967294,1323
4294967294,1322
4294967294,1321
4294967294,1320
4294967294,1319
4294967294,1318
4294967294,1317
4294967294,1316
4294967294,1315
4294967294,1314
4294967294,1313
4294967294,1312
4294967294,287
4294967294,286
4294967294,285
4294967294,284
4294967294,283
4294967294,282
4294967294,281
4294967294,280
4294967294,279
4294967294,278
4294967294,277
4294967294,276
4294967294,275
4294967294,274
4294967294,273
4294967294,272
4294967294,271
4294967294,270
4294967294,269
4294967294,268
4294967294,267
4294967294,266
4294967294,265
4294967294,264
4294967294,263
4294967294,262
4294967294,261
4294967294,260
4294967294,259
4294967294,258
4294967294,257
